377501447
378852130
382905977
383283465
383305152
383316715
383624430
383765377
383788469
383875441
383875581
384049382
384068229
384124396
384223023
384317223
384341284
384986440
385278911
385396431
385489704
385520603
385528882
385705395
385787549
385986623
386054363
386090169
386549211
386876116
387027766
387243791
387260535
387268521
387533191
387533918
387538836
387554468
387760706
387772236
387838996
388460206
388462941
388516164
388721367
388785319
388901963
389020850
389036667
389251809
389308249
389478897
389513285
389515888
389565935
389600447
390161977
390164518
390236976
390500072
390502012
390696759
390730169
391027090
391030870
391035074
391874023
391896741
391915148
392111392
392174520
392371136
392388437
392539084
392632777
392690866
392767067
392854567
392857457
392860281
392886495
393332849
393344560
393366708
393367086
393647467
393823519
393834758
393848395
394028643
394064680
394081807
394266190
394267409
394324540
394820570
394827432
394913323
394919991
395065286
395114246
395238617
395316686
395317765
395321624
395345147
395608605
395613089
396389904
396391120
396397189
396634028
396815303
396897770
397084731
397101933
397106186
397158218
397269114
397853271
397879410
398030876
398123572
398292887
398311889
398560144
398765759
398765777
398767056
398779525
398806324
398835758
399316960
399337562
399358396
399382433
399427210
399440165
399579066
399816448
399963037
400387093
400393756
400409262
400486373
400990919
400994623
401013918
401236457
401466774
401530296
401917197
401948030
401970884
401980467
402567853
402774768
402842890
403077305
403277707
403345274
403381445
403388700
403533570
403562260
403575192
403600464
403938006
404198552
404204782
404215203
404438272
404643798
404725650
404948803
404963436
405029929
405173904
405192878
405200905
405210089
405237265
405624448
405724051
405816922
405881465
406105602
406459044
406459427
406462789
406498936
406504324
406716411
406721880
406722190
406744975
406748691
406757551
406982308
406997974
407735087
407754969
407934591
407947554
408027045
408240078
408289115
408297353
408301803
408457319
408796172
409731413
409731415
409769488
409799833
410003537
410026531
410242929
410304053
410315875
410521364
410679540
410958361
411224670
411265021
411471559
411517809
411526575
411541010
411638314
411728520
411735434
411960057
412033304
412046893
412071811
412118009
412239243
412303138
412314701
412862651
412913709
413183459
413318065
413656376
414561565
414662878
414724730
414724767
415223346
415274150
415275148
415276510
415302571
415462788
415525645
415746178
415792104
415832033
415869040
416466284
416826125
416858166
417113319
417115274
417174187
417415574
417435209
417441807
417706669
417817704
418577623
418587373
418913144
419490714
419499476
419543981
419545292
419549880
419565650
419567594
419568672
419569207
419569772
419823015
420267088
420549986
420905804
420960441
421156878
421463422
421537887
421558471
421558982
421815633
421824356
421867052
422542264
422542729
422842150
422939253
422945908
423204177
423210514
423218064
423490127
423782019
423818951
423877412
423889340
424980005
424984178
424988126
425049145
425287726
425376544
425386939
425390002
425607389
425631946
425646886
425651822
425890188
425968146
426509215
426731873
426736428
426740058
427066070
427318473
427451836
428017319
428075935
